0,273
0,270
32,1
32,3
14,5
3,2
3,1
3,3
10,26
10,284
10,218
10,256
10,100
10,244
10,148
10,184
10,2
10,3
11,22
11,5
11,6
11,8
11,21
9,7
9,2
9,3
8,18
8,8
8,5
8,17
8,2
8,3
12,2
12,1
12,3
20,2
20,1
20,3
19,2
19,1
19,3
95,8
95,7
95,6
95,5
95,4
95,3
95,2
95,1
95,0
84,4
84,3
84,2
84,1
84,0
82,3
82,2
82,1
82,0
81,3
81,2
81,1
81,0
80,3
80,2
80,1
80,0
78,4
78,3
78,2
78,1
78,0
77,4
77,3
77,2
77,1
77,0
76,4
76,3
76,2
76,1
76,0
72,3
72,2
72,1
72,0
71,3
71,2
71,1
71,0
70,5
70,4
70,3
70,2
70,1
70,0
69,4
69,3
69,2
69,1
69,0
18,1
53,4
18,3
53,3
53,2
53,1
52,4
52,3
52,1
14,1
51,4
14,4
51,3
14,3
51,1
49,5
13,1
49,3
13,3
49,1
46,1
46,4
